//Пример данных, принятых с дальномера

05.07.2023 17:47:50: AE A7 17 00 85 00 00 00 47 00 00 00 00 00 00 00 00 00 00 00 00 00 00 02 E5 BC BE 
05.07.2023 17:47:50: AE A7 17 00 85 00 00 00 47 00 00 00 00 00 00 00 00 00 00 00 00 00 00 02 E5 BC BE 
05.07.2023 17:47:50: AE A7 17 00 85 00 00 00 48 00 00 00 00 00 00 00 00 00 00 00 00 00 00 02 E6 BC BE 
05.07.2023 17:47:50: AE A7 17 00 85 00 00 00 4A 00 00 00 00 00 00 00 00 00 00 00 00 00 00 02 E8 BC BE 
05.07.2023 17:47:50: AE A7 17 00 85 00 00 00 4F 00 00 00 00 00 00 00 00 00 00 00 00 00 00 02 ED BC BE 
05.07.2023 17:47:50: AE A7 17 00 85 00 00 00 54 00 00 00 00 00 00 00 00 00 00 00 00 00 00 02 F2 BC BE 
05.07.2023 17:47:50: AE A7 17 00 85 00 00 00 56 00 00 00 00 00 00 00 00 00 00 00 00 00 00 02 F4 BC BE 
05.07.2023 17:47:51: AE A7 17 00 85 00 00 00 56 00 00 00 00 00 00 00 00 00 00 00 00 00 00 02 F4 BC BE 
05.07.2023 17:47:51: AE A7 17 00 85 00 00 00 57 00 00 00 00 00 00 00 00 00 00 00 00 00 00 02 F5 BC BE 
05.07.2023 17:47:51: AE A7 17 00 85 00 00 00 59 00 00 00 00 00 00 00 00 00 00 00 00 00 00 02 F7 BC BE 
05.07.2023 17:47:51: AE A7 17 00 85 00 00 00 5B 00 00 00 00 00 00 00 00 00 00 00 00 00 00 02 F9 BC BE 
05.07.2023 17:47:51: AE A7 17 00 85 00 00 00 5C 00 00 00 00 00 00 00 00 00 00 00 00 00 00 02 FA BC BE 
05.07.2023 17:47:51: AE A7 17 00 85 00 00 00 5E 00 00 00 00 00 00 00 00 00 00 00 00 00 00 02 FC BC BE 
05.07.2023 17:47:52: AE A7 17 00 85 00 00 00 5E 00 00 00 00 00 00 00 00 00 00 00 00 00 00 02 FC BC BE 
05.07.2023 17:47:52: AE A7 17 00 85 00 00 00 60 00 00 00 00 00 00 00 00 00 00 00 00 00 00 02 FE BC BE 
05.07.2023 17:47:52: AE A7 17 00 85 00 00 00 61 00 00 00 00 00 00 00 00 00 00 00 00 00 00 02 FF BC BE 
05.07.2023 17:47:52: AE A7 17 00 85 00 00 00 62 00 00 00 00 00 00 00 00 00 00 00 00 00 00 02 00 BC BE 
05.07.2023 17:47:52: AE A7 17 00 85 00 00 00 63 00 00 00 00 00 00 00 00 00 00 00 00 00 00 02 01 BC BE 
05.07.2023 17:47:52: AE A7 17 00 85 00 00 00 65 00 00 00 00 00 00 00 00 00 00 00 00 00 00 02 03 BC BE 
05.07.2023 17:47:52: AE A7 17 00 85 00 00 00 66 00 00 00 00 00 00 00 00 00 00 00 00 00 00 02 04 BC BE 
05.07.2023 17:47:53: AE A7 17 00 85 00 00 00 67 00 00 00 00 00 00 00 00 00 00 00 00 00 00 02 05 BC BE 
05.07.2023 17:47:53: AE A7 17 00 85 00 00 00 69 00 00 00 00 00 00 00 00 00 00 00 00 00 00 02 07 BC BE 
05.07.2023 17:47:53: AE A7 17 00 85 00 00 00 6A 00 00 00 00 00 00 00 00 00 00 00 00 00 00 02 08 BC BE 
05.07.2023 17:47:53: AE A7 17 00 85 00 00 00 6D 00 00 00 00 00 00 00 00 00 00 00 00 00 00 02 B BC BE 
05.07.2023 17:47:53: AE A7 17 00 85 00 00 00 6F 00 00 00 00 00 00 00 00 00 00 00 00 00 00 02 D BC BE 
05.07.2023 17:47:53: AE A7 17 00 85 00 00 00 73 00 00 00 00 00 00 00 00 00 00 00 00 00 00 02 11 BC BE 
